Mean Noise Amplitude <length scales>
-----------ALL SAMPLES-------------
34.41548747067048 0.001 2446.9896747587404 0.35620586562042433 1.340785984996237 
12.873956657237219 0.001 2482.915088097311 0.012925192210863523 0.4828121454373675 
60.252228852899876 0.001 2581.296060469591 1.0232247852615879 0.2817098747315756 
83.85433254959676 0.001 2924.09025795998 0.9126476706314257 0.27006775236797576 
51.81355540150587 0.001 2908.0182062820672 1.0647909585227175 0.1467279624185137 
52.49196850868873 0.001 2907.0650000922083 0.5084306426156117 0.254072401172986 
31.126869444649508 0.001 2884.8700283230337 0.35937739566049454 0.032539100323620285 
43.27795019063163 0.001 2887.3474060612966 0.9721970903078031 0.31036089805815414 
78.63899883125897 0.001 2320.69327181449 0.9169192615002921 0.19853460003928625 
105.95654314192917 0.001 2345.928103958203 0.5668485139283729 0.14363658797253903 
-----------MEAN OF SAMPLES-------------
55.47018910490683 0.0010000000000000002 2668.9213097816923 0.6693567376259594 0.3461247307518255 
